10
9
957747794 681692778 714636916 846930887 424238336 719885387 649760493 596516650 189641422
4
350490028 783368691 102520060 44897764
8
35005212 540383427 304089173 303455737 726956430 521595369 294702568 365180541
8
861021531 278722863 233665124 145174068 468703136 101513930 801979803 315634023
4
369133070 125898168 89018457 59961394
5
656478043 131176230 653377374 859484422 914544920
2
756898538 734575199
6
149798316 38664371 129566414 184803527 412776092 424268981
6
982906997 137806863 511702306 749241874 135497282 42999171
2
937477085 827336328